5.4292
7.1833
2.1693
5.5287
4.7932
4.3962

4.8241
4.7415
3.1405
1.5536
4.5736
4.9862
4.786
6.5038
3.22

7.0373
1.3599
5.0786
2.889
5.678
8.7868
4.8184
5.968
4.0447

0.7395
8.5711
5.0959
3.192
7.1861
5.3343
3.9388
2.3193
11.2294

1.9689
2.0748
1.399
3.3692
1.2194
5.5435
2.02
3.3554
3.1962

4.4282
4.8672
3.1148
3.2032
5.1362
4.5466
5.4271
5.0878
6.0457

2.6668
3.5527
3.5185
5.2275
0.9337
5.3778
4.8856
4.9053
7.5993

2.3309
1.527
10.7753
5.7311
3.8536
5.0538
6.3872
5.3089
2.1121

6.9855
5.2521
6.7788
2.6848
6.2098
2.524
10.1489
5.1526

2.5051
1.7715
4.9375
6.1073
3.5254
7.5288
6.7892

2.5039
4.7753
1.7476
4.9376
1.989
1.8289

4.7231
6.6751
4.9959
5.6813

8.0126
6.7856
12.194
9.3988
3.7748

5.6701
3.8333
6.0872
3.5132
9.5628
3.5249
1.3989

3.1081
8.8244
1.9588
7.5526
3.4424
4.1422
2.5044
4.0159

5.562
5.4803
7.2467
3.7209
5.3527
5.4578
2.8398
3.1631
1.1621

1.963
8.7916
3.8228
3.1841
0.9557
7.5237
0.2917
4.6286
3.9003

7.1977
2.5783
0.2573
2.1413
5.1697
3.1515
1.2599
5.3565

3.9334
5.4443
4.1954
1.877
2.6067
5.8226
5.5141

2.82
9.1554
5.5568
1.6965
6.6096
8.1757
4.2724

5.1261
7.3044
4.5309
6.4757
5.9405
5.3794
2.9862

2.1528
7.0007
0.2698
4.7939
3.4516
7.3324
3.4792
3.9236
1.3435

0.4187
2.4696
6.2683
2.9019
5.9558
7.4768
1.0274

2.9402
5.786
3.0323
5.485
2.6985
5.9167

1.0929
2.7046
3.5055
3.5156
0.5437
1.429
3.6873

1.7377
7.9787
5.6943
4.5123
6.6704
3.9514
1.6712
1.1249

4.8333
8.7564
5.9564
3.2439
7.8134
3.2314
1.6473

5.5902
9.1882
1.6952
4.0261
2.3852
0.8796
5.2542

8.1394
10.3178
5.1382
1.0179
3.2455
5.0975
4.6228

4.1618
4.6179
2.1829
3.6007
4.0273
2.2354
4.2358

1.0084
3.7147
4.6098
2.1452
7.6348
4.8246
4.341

7.2101
5.309
6.5424
4.1117
5.5183
1.275
4.0096

0.6009
4.0994
3.4073
5.9827
6.4207
6.5469
4.4673

8.1286
3.7022
2.4477
5.5593
1.3543
4.5391
3.4338

6.6397
4.3115
6.4712
11.5206
3.8537
9.318
5.5612

3.3562
3.3452
8.9526
5.6145
0.9808
1.9113
5.7577

4.6067
5.5474
5.064
6.8943
1.3675
5.4098
5.9139

6.0026
7.3749
3.0353
4.861
1.362
4.298
5.8819

8.5053
1.8582
3.5489
5.0184
2.5174
5.2123

9.9365
2.6367
6.9462

6.6485
1.875
5.4361
5.5367

6.5503
5.2095
0.398
4.6952
2.6882

4.646
8.8971
5.3429
7.0547
3.9575

6.2117
2.8747
4.5349
0.8311

8.913
8.7998
7.3033
0.847
5.4482

2.723
1.7059
7.2422
6.3638

6.1722
5.0834
2.0965

4.1723
4.7822
6.0095
2.8633

3.8728
4.758
11.013

3.7864
6.4139

6.0636
1.7855
1.2159
4.3467

1.7203
7.476
3.9677
6.7588

5.1329
12.2644

3.5028
8.0773
0.5819

3.1907
4.9966
3.3252

1.7509
1.7313
7.1132

1.5657
3.1205
1.7067
3.4576
7.0716

3.3339
8.2341
4.2614

5.4531
3.673
5.5879
2.1482

5.8426
5.9785
3.7263
3.7253
2.4906
8.0309

3.5468
5.5155
1.7294
4.2358
5.3505

7.0159
5.4138
8.37
2.2054
8.4401

1.4721
4.9206
2.6803
4.8785
0.8989

5.2409
4.3859
6.0762
1.9973
10.3156

5.3006
4.2976
4.2964
2.3441

5.847
5.8532
5.4762
2.2345

3.9908
2.7074
7.8706
2.8383

0.3616
11.206
2.5
5.2075

3.4713
2.5468
4.5951

10.3724
5.0155

3.5715
4.4721
5.488

6.5908
4.4169
2.3298

3.0689
5.3254
9.8014

5.0497
7.6889
2.3403

1.9161
2.0132
5.0503
9.3164
3.8618

12.7768
4.9948
5.9966
4.4692
6.1757
4.5317

2.577
7.0293
3.7211
1.2225
5.6129
2.7356

8.3431
4.7133
5.6445
10.6301
2.3112

5.0073
8.3709
1.6134
4.8886
3.2032

6.4802
5.889
6.1064
3.1147
1.335
6.6508

2.7112
6.0307
7.6162
7.3932
3.3424
1.4468

2.4031
3.8843
2.7345
3.1143
4.7741
4.8094
3.4217
2.0092

3.1863
7.851
2.7809
4.4725
8.8854
0.8446

5.7341
6.0895
4.0155
2.3306
6.4691
6.0668
2.6902

8.9443
4.1634
3.6661
4.2376
4.7154
0.7689
4.4539

4.3402
8.1322
5.7944
4.932
4.1859
9.6092
6.8189

5.4459
5.9342
5.9383
3.8692
10.3749

2.5232
7.816
4.7467
6.9978
7.4575
3.9048

9.4198
21.8072
5.8727
11.5913
6.1321
2.6111
5.1739
4.3009

6.103
10.1316
1.4463
9.5989
0.7072
5.2709
2.674

5.5255
16.5995
1.2326
1.8283
2.4014
5.0212
2.7385
3.1758

20.6745
2.2539
3.0125
5.3461
8.7711
2.7001
4.2208
6.8131
14.3239

6.9729
21.0493
2.929
2.9377
6.3726
2.3235
0.6916
2.2224

7.9732
7.7863
10.8519
5.2227
2.8535
2.2614
6.5282
3.2486

0.7628
7.8576
8.4996
6.038
5.9008
2.0356
2.091
4.3609
5.9245

6.6428
13.8044
4.7325
3.965
7.5323
2.0953
5.8125
5.1934
2.9243

4.3967
2.3603
3.0247
8.5917
6.2158
5.3357
4.6078

3.5053
4.0359
7.3643
1.6753
2.6504
4.1402
2.7424
5.3176
4.5344

1.5566
5.244
7.2521
4.8512
10.3718
1.4417
1.5188
4.0314
10.5874

1.9155
6.0971
2.8007
3.6619
6.4846
1.876
5.2883

5.3176
0.8912
5.7728
1.8821
8.8265
7.6439
4.5746
6.4022

3.0538
1.7222
3.9644
0.5
7.6157
1.7738

6.3456
1.0453
4.5335
3.9293
3.3094

4.2709
2.716
3.2489
9.8294
4.6053
8.3836
1.1389
2.1368
3.6491

3.9848
7.9059
4.2184
1.6306
1.4667
4.1782
4.769
2.0909

4.8487
4.9049
3.6602
5.2723
3.0621
3.6605
8.0289
2.6931
6.3648

4.262
6.3661
5.5051
1.8758
6.8052
3.5239
6.9382

0.715
1.6891
9.5984
0.6736
1.3387
4.3391

2.2105
6.3243
2.1639
1.8797

3.4744
4.2515
4.2963
7.6968
6.9442

4.8392
3.8846
6.2899
2.7059
3.3499
5.641

6.2153
1.383
1.7832

6.6977
5.9159
3.894
4.8505
6.102

3.6067
7.5995
3.6642
3.529
4.0413

3.8836
4.2727
4.9118
10.6176
4.0214
7.0711
6.7831

2.9355
6.9013
3.5295
2.4696
9.683
1.5696

3.5158
7.2428
6.4061
1.108
3.2934
4.0764
5.6634
2.4289

3.3624
2.5814
3.3749
5.9676
4.4815
1.5038
11.0363

5.247
5.5139
2.7419
5.649
2.2081
5.9909
3.2417
5.5588

3.6112
3.6389
2.9306
3.6529
3.4543
3.5281
6.7578

8.6307
2.6834
1.0192
4.8334
0.3662
3.9928
1.4358

4.6965
3.1117
4.6915
3.5342
2.159
1.009
0.1895

7.5094
2.316
3.7896
4.2414
3.2805
6.9763
4.6791

6.0641
6.3312
1.8894
2.506
2.2292
5.4504

9.6141
6.5713
3.1436
3.0948
4.0674

4.5026
6.9764
2.9047
7.9732
8.5468

9.806
4.2427
4.4583
2.4432
8.9422
3.3407

4.3543
1.5888
6.2243
6.0824
2.1531

5.472
5.8961
5.6548
7.9268

9.2647
4.3104
2.7985
5.3652
4.1231

3.3022
2.4042
6.3246
3.9062
3.2343
0.4068

5.3576
3.1628
5.9631
1.6324
9.3467
2.3388
6.5779

6.7822
2.4026
1.1562
2.7309
4.461
4.716
5.8302
7.9083

3.5497
3.8121
5.0495
2.4486
3.7207
2.9931
2.9547
4.9799
0.8769
5.841
8.5311

9.8159
4.7579
2.7911
5.3798
4.9866
5.6641
4.5402
7.0406
3.3536
6.5248
5.6561

8.3624
4.3315
8.1063
7.1474
3.769
4.9584
4.0541
4.4582
8.826
4.6162
4.834

5.8632
3.1223
7.3075
5.5855
0.6021
1.1987
4.8283
1.5152
20.7161
7.1355
6.5

4.4926
4.1969
0.578
2.5
18.924
4.6118
9.0342
2.0198
4.2064

2.794
5.9426
1.0181
6.9516
4.2153
20.6457
4.5132

2.1953
3.5424
3.8278
2.7617
0.9352
2.0771
21.1258
2.7945

2.2859
4.885
6.5088
8.6338
2.0303
1.4599
24.9333
1.969
4.1412

9.2693
3.0178
8.9611
2.8728
10.9001
4.0097
5.1071

2.5904
1.5765
4.1414
6.7488
5.3255
5.8179
17.0887
9.1077
2.2752

12.2212
4.0117
2.7979
2.6116
5.2305
3.5208
9.2701
2.3106

4.5616
10.1859
2.1641
9.6445
20.5789
3.9683
5.2916

2.5325
3.1816
8.1305
0.8769

6.2532
3.7972
5.5381
4.5857

6.5403
7.2521
6.9292
2.1769
7.166

4.2284
7.0378
1.7218
1.617
5.6417
8.3252
4.6236
6.281

3.0415
1.0093
0.928
8.3496
1.4851

3.0699
5.1695
10.3484
8.5052
7.5182
5.1367
5.7207

5.458
4.8789
1.9639
2.5912
3.0488
6.3398
3.166
1.3398
4.7695

3.6229
6.8624
0.3655
10.6668
0.8405
3.6943
4.4018
6.6253

0.8374
2.9129
3.1473
4.4553
4.1319
4.6015

8.7985
2.0854
3.2983
3.7124
3.591
7.6176

8.1253
2.8671
9.0623
4.5607
3.8849

6.3465
5.0249
4.0746
1.1091
10.65

4.2059
3.7623
5.0136
4.4266
5.9919
2.9789

2.694
4.8676
1.1763
5.3939
5.1478
1.9844
2.1657

3.7
4.3314
7.2452
8.7534

7.3333
5.1345
2.0613
6.2756
9.5086

2.5059
4.5678
1.2019
7.2374
3.2366

1.5959
0.8745
2.0495

1.9732
7.7507
2.2092

1.3293
5.0785
9.6503
3.6098

2.8488
1.4792
5.3027

6.1428
4.4632
5.4104

2.02
3.5525
2.8065
1.7372

4.0212
3.08
4.8032
4.2854
4.5526
2.7834

6.7675
8.1804
7.4233
1.6878
9.1853
1.2759
8.5283

4.2414
4.4214
1.6426
8.7846
4.2071
3.1623
10.6334
4.666

8.8799
4.9419
4.0293
2.9918
3.8511
7.5084
3.9867
3.4995

11.1192
12.2093
11.4398
1.1841
5.3178
0.5896

11.0025
4.3957
0.7293
0.1996

2.8879
0.7165
3.3019
6.2474

4.9241
3.2214

4.7364
9.0301

3.7998
2.0962
8.1326

3.1439
1.9778
0.4732
2.4885

3.1761
5.878
3.7402
5.2884

5.7944
4.3719
7.2233
4.5493

2.6545
2.5603
11.9613
9.9985
4.9745
5.8137

3.4154
6.0358
6.2896
3.4338
7.2853

5.3251
6.5678
5.9283
1.3055

7.14
2.9453
5.1363
4.7398
4.4165
8.5789

3.5615
3.4158
5.982
1.8234
6.0072

4.482
2.855
7.1299

4.6612
8.4689
5.0806

3.9768
2.1859
0.68
7.3942

2.4702
0.485
4.0761

6.6459
2.0801

4.9387
4.2159
9.2699

3.967
3.5231
5.6487
7.237

6.3305
5.1437

3.1438
6.5765

2.895

2.9273

8.2576
4.7073
3.6143
4.8838

6.8874
4.5683
0.5702
3.9051

